 140  58.95
 141  59.91 2018 May 21
 142  60.87
 143  61.84
 144  62.80
 145  63.76
 146  64.72
 147  65.68
 148  66.64
 149  67.60
 150  68.56
 151  69.52
 152  70.47 2018 Jun 01
 153  71.43
 154  72.39
 155  73.35
 156  74.31
 157  75.26
 158  76.22
 159  77.18
 160  78.13
 161  79.09
 162  80.05 2018 Jun 11
 163  81.00
 164  81.96
 165  82.91
 166  83.87
 167  84.83
 168  85.78
 169  86.74
 170  87.69
 171  88.65
 172  89.60 2018 Jun 21
 173  90.55
 174  91.51
 175  92.46
 176  93.42
 177  94.37
 178  95.32
 179  96.28
 180  97.23
 181  98.18
 182  99.14 2018 Jul 01
 183 100.09
 184 101.04
 185 102.00
 186 102.95
 187 103.90
 188 104.86
 189 105.81
 190 106.76
 191 107.72
 192 108.67 2018 Jul 11
 193 109.62
 194 110.58
 195 111.53
 196 112.49
 197 113.44
 198 114.39
 199 115.35
 200 116.30
 201 117.26
 202 118.21 2018 Jul 21
 203 119.17
 204 120.12
 205 121.08
 206 122.03
 207 122.99
 208 123.94
 209 124.90
 210 125.85
 211 126.81
 212 127.76
 213 128.72 2018 Aug 01
 214 129.68
 215 130.63
 216 131.59
 217 132.55
 218 133.50
 219 134.46
 220 135.42
 221 136.38
 222 137.34
 223 138.30 2018 Aug 11
 224 139.26
 225 140.22
 226 141.18
 227 142.14
 228 143.10
 229 144.06
 230 145.02
 231 145.99
 232 146.95
 233 147.91 2018 Aug 21
 234 148.87
 235 149.84
 236 150.80
 237 151.76
 238 152.73
 239 153.69
 240 154.66
 241 155.62
 242 156.59
 243 157.56
 244 158.52 2018 Sep 01
 245 159.49
 246 160.46
 247 161.43
 248 162.40
 249 163.37
 250 164.34
 251 165.31
 252 166.28
 253 167.25
 254 168.22 2018 Sep 11
 255 169.19
 256 170.17
 257 171.14
 258 172.12
 259 173.09
 260 174.07
 261 175.04
 262 176.02
 263 176.99
 264 177.97 2018 Sep 21
 265 178.95
 266 179.93
 267 180.90
 268 181.88
 269 182.86
 270 183.84
 271 184.82
 272 185.80
 273 186.79
 274 187.77 2018 Oct 01
 275 188.75
 276 189.74
 277 190.72
 278 191.71
 279 192.69
 280 193.68
 281 194.66
 282 195.65
 283 196.64
 284 197.63 2018 Oct 11
 285 198.62
 286 199.61
 287 200.60
 288 201.59
 289 202.58
 290 203.57
 291 204.56
 292 205.56
 293 206.55
 294 207.54 2018 Oct 21
 295 208.54
 296 209.53
 297 210.53
 298 211.52
 299 212.52
 300 213.52
 301 214.51
 302 215.51
 303 216.51
 304 217.51
 305 218.51 2018 Nov 01
 306 219.51
 307 220.51
 308 221.51
 309 222.51
 310 223.52
 311 224.52
 312 225.52
 313 226.53
 314 227.53
 315 228.54 2018 Nov 11
 316 229.55
 317 230.55
 318 231.56
 319 232.56
 320 233.57
 321 234.58
 322 235.59
 323 236.60
 324 237.60
 325 238.61 2018 Nov 21
 326 239.62
 327 240.63
 328 241.64
 329 242.65
 330 243.67
 331 244.68
 332 245.69
 333 246.70
 334 247.71
 335 248.73 2018 Dec 01
 336 249.74
 337 250.76
 338 251.77
 339 252.78
 340 253.80
 341 254.81
 342 255.83
 343 256.85
 344 257.86
 345 258.88 2018 Dec 11
 346 259.90
 347 260.91
 348 261.93
 349 262.95
 350 263.96
 351 264.98
 352 266.00
 353 267.02
 354 268.03
 355 269.05 2018 Dec 21
 356 270.07
 357 271.09
 358 272.11
 359 273.13
 360 274.14
 361 275.16
 362 276.18
 363 277.20
 364 278.22
 365 279.24
 366 280.26 2019 Jan 01
 367 281.28
 368 282.30
 369 283.32
 370 284.34
 371 285.36
 372 286.38
 373 287.40
 374 288.41
 375 289.43
 376 290.45 2019 Jan 11
 377 291.47
 378 292.49
 379 293.51
 380 294.53
 381 295.55
 382 296.57
 383 297.58
 384 298.60
 385 299.62
 386 300.64 2019 Jan 21
 387 301.65
 388 302.67
 389 303.69
 390 304.71
 391 305.72
 392 306.74
 393 307.75
 394 308.77
 395 309.79
 396 310.80
 397 311.82 2019 Feb 01
 398 312.83
 399 313.85
 400 314.86
 401 315.88
 402 316.89
 403 317.91
 404 318.92
 405 319.93
 406 320.95
 407 321.96 2019 Feb 11
 408 322.97
 409 323.98
 410 324.99
 411 326.00
 412 327.01
 413 328.02
 414 329.03
 415 330.04
 416 331.05
 417 332.06 2019 Feb 21
 418 333.06
 419 334.07
 420 335.08
 421 336.08
 422 337.09
 423 338.09
 424 339.10
 425 340.10 2019 Mar 01
 426 341.11
 427 342.11
 428 343.11
 429 344.12
 430 345.12
 431 346.12
 432 347.12
 433 348.12
 434 349.12
 435 350.12 2019 Mar 11
 436 351.12
 437 352.12
 438 353.12
 439 354.12
 440 355.11
 441 356.11
 442 357.10
 443 358.10
 444 359.09
 445   0.09 2019 Mar 21
 446   1.08
 447   2.07
 448   3.06
 449   4.05
 450   5.05
 451   6.04
 452   7.03
 453   8.01
 454   9.00
 455   9.99
 456  10.98 2019 Apr 01
 457  11.97
 458  12.95
 459  13.94
 460  14.93
 461  15.91
 462  16.90
 463  17.88
 464  18.86
 465  19.85
 466  20.83 2019 Apr 11
 467  21.81
 468  22.79
 469  23.77
 470  24.75
 471  25.73
 472  26.71
 473  27.69
 474  28.66
 475  29.64
 476  30.62 2019 Apr 21
 477  31.59
 478  32.57
 479  33.54
 480  34.52
 481  35.49
 482  36.46
 483  37.44
 484  38.41
 485  39.38
 486  40.35 2019 May 01
 487  41.32
 488  42.29
 489  43.26
 490  44.23
 491  45.20
 492  46.17
 493  47.14
 494  48.11
 495  49.08
 496  50.04 2019 May 11
 497  51.01
 498  51.97
 499  52.94
 500  53.90
 501  54.87
 502  55.83
 503  56.80
 504  57.76
 505  58.72
 506  59.68 2019 May 21
 507  60.64
 508  61.61
 509  62.57
 510  63.53
 511  64.49
 512  65.45
 513  66.41
 514  67.37
 515  68.33
 516  69.29
